426.82 0
436.99 0
447.17 0
457.34 0
467.52 0
477.69 0
487.87 0
498.04 0
508.22 0
518.39 0
528.57 0
538.74 0
548.92 0
559.09 0
569.27 0
579.45 0
589.62 0
599.8 0
609.97 0
620.15 0
630.32 0
640.5 0
650.67 0
660.85 0
671.02 0
681.2 0
691.37 0
701.55 0
711.72 0
721.9 0
732.07 0
742.25 0
752.43 0
762.6 0
772.78 0
782.95 0
793.13 0
803.3 0
813.48 0
823.65 0
833.83 0
844.0 0
854.18 0
864.35 0
874.53 0
884.7 0
894.88 0
905.05 0
912.45 0
915.23 0
922.54 0
925.41 0
932.64 0
942.73 0
952.82 0
962.91 0
972.99 0
983.08 0
993.17 0
1003.3 0
1013.3 0
1023.4 0
1033.49 0
1043.59 0
1053.69 0
1063.79 0
1073.89 0
1083.99 0
1094.09 0
1104.19 0
1114.19 0
1124.28 0
1134.38 0
1144.48 0
1154.58 0
1164.68 0
1174.77 0
1184.87 0
1194.97 0
1205.07 0
1215.17 0
1225.17 0
1235.27 0
1245.36 0
1255.46 0
1265.56 0
1275.66 0
1285.76 0
1295.86 0
1305.96 0
1316.05 0
1326.05 0
1336.15 0
1346.25 0
1356.35 0
1366.45 0
1376.55 0
1386.65 0
1396.74 0
1406.84 0
1416.94 0
1426.94 0
1437.04 0
1447.14 0
1457.23 0
1467.33 0
1477.43 0
1487.53 0
1497.63 0
1507.73 0
1517.83 0
1527.92 0
1537.92 0
1548.02 0
1558.12 0
1568.22 0
1578.32 0
1588.42 0
1598.51 0
1608.61 0
1618.71 0
1628.81 0
1638.81 0
1648.9 0
1659.0 0
1669.1 0
1679.2 0
1689.3 0
1699.4 0
1709.5 0
1719.6 0
1729.7 0
1739.7 0
1749.79 0
1759.89 0
1769.99 0
1780.09 0
1790.19 0
1800.29 0
1810.38 0
1820.48 0
1830.58 0
1840.58 0
1850.68 0
1860.78 0
1870.87 0
1880.98 0
1891.07 0
1901.17 0
1911.27 0
1921.37 0
1931.47 0
1941.57 0
1951.57 0
1961.66 0
1971.76 0
1981.86 0
1991.96 0
2002.06 0
2012.15 0
2022.25 0
2032.35 0
2042.45 0
2052.45 0
2062.55 0
2072.65 0
2082.75 10.749749999999999
2092.84 12.691600000000001
2102.94 12.5705
2113.04 12.33445
2123.14 13.5974
2133.24 14.9819
2143.34 15.2131
2153.34 14.6936
2163.43 12.8316
2173.53 10.838149999999999
2183.63 10.5637
2193.73 10.943449999999999
2203.83 11.4381
2213.93 11.052299999999999
2224.03 9.7497
2234.12 7.53345
2244.22 4.2523
2254.22 2.0168
2264.32 1.6621
2274.42 1.8561
2284.52 2.09695
2294.61 2.3127
2304.71 2.5347999999999997
2314.81 2.72205
2324.91 2.8859500000000002
2335.01 2.99905
2345.11 3.12155
2355.21 3.2150999999999996
2365.2 3.30115
2375.3 3.3682499999999997
2385.4 3.4287
2395.5 3.49435
